# Points
0.0 0.0
0.0 10.0
0.0 2.477953976720927
0.0 4.991181456131151
1.2442395943030984 7.513227815803274
1.8828173346856305 3.112875006769909
2.4884786863419643 0.0
2.4884786863419643 4.982363248655353
2.5016460454552143 10.0
3.759051492078867 2.477953976720927
3.9631335039926743 7.513227815803274
5.0032915886461975 0.0
5.009874263674358 10.0
5.009874263674358 4.982363248655353
5.707702106481123 8.209875961789786
6.102698771195489 6.428571476627579
6.74127651157802 2.3809523489149464
7.5115198068653415 10.0
7.518103486421966 0.0
7.524686161450126 5.264550597383601
8.406845982029287 1.5961204462051999
8.768926258017457 7.4779543131139805
10.0 0.0
10.0 2.495591064458627
10.0 4.964726833703757
10.0 10.0

# Triangles
9 16 13
16 9 11
14 17 12
16 19 13
3 4 1
18 16 11
19 23 24
2 5 3
9 6 11
5 6 9
6 2 0
6 5 2
19 15 13
15 10 13
10 15 14
10 14 12
20 18 22
23 20 22
18 20 16
20 19 16
20 23 19
21 15 19
17 21 25
21 17 14
15 21 14
21 24 25
21 19 24
10 7 13
7 10 4
7 9 13
7 5 9
7 4 3
5 7 3
8 10 12
10 8 4
4 8 1
